1708505
1464639
1665361
1686396
1694943
1736564
1743195
1743215
1744883
1747414
1748205
1749272
1749369
1751575
1753413
1753994
1757804
1758139
1759829
1761088
1761350
1762311
1763987
1768380
1773088
1773476
1773532
1774598
1774611
1775461
1775522
1779050
1779097
1782100
1784402
1787086
1787993
1787995
1788011
1789679
1790211
1793371
1793390
1796609
1796816
1797099
1803987
1805011
1805186
1806244
1806551
1806823
1806846
1807384
1807497
1807738
1720733
1801615
1663780
1703435
1711950
1731067
1676892
1676896
1508025
1768339
1802451
1688148
1467543
1793990
1467822
1779616
1464495
1470137
1790736
1706842
1728183
1726038
1615224
1348072
1471309
1494529
1546649
1593078
1627060
1649037
1663205
1702043
1707866
1718191
1721353
1785225
1807761
1478411
1514365
1777193
1193174
1721462
1714895
1499520
1804523
1696075
1397406
1511698
1639632
1785520
1566891
1677804
1540478
1700295
1724618
1726021
1421649
1711400
1209790
1379982
1394063
1503529
1506319
1615003
1636088
1668227
1672480
1713260
1724624
1761365
1784013
1697971
1664398
1731041
1652548
1685023
1352875
1385249
1541438
1403889
1662629
1534403
1679744
1548517
1733667
1608158
1624358
1426749
1385175
1589705
1668245
1666326
1713307
1618932
1353518
1655861
1730565
1409767
1366816
1658472
1155181
1335373
1357421
1489325
1489417
1504713
1557127
1562670
1564451
1584992
1584998
1594857
1597731
1620377
1623596
1631390
1638030
1651433
1657584
1659934
1714851
1564130
1509071
1529237
1550941
1659378
1630803
1611546
1631437
1301805
1458801
1734251
1801557
1711945
1713429
1794386
1741783
1806931
1518093
1555315
1802947
1793042
1732961
1787463
1788806
1802041
1534453
1718562
1695480
1614275
1636965
1359681
1333292
1730948
1433829
1578405
1785323
1598900
1564372
1578153
1694455
1402538
1723617
1658108
1194546
1657398
1699309
1251614
1589695
1463273
1791285
1629877
1679998
1686371
1724754
1743069
1746368
1752331
1754448
1754866
1756900
1760168
1773558
1779089
1781318
1784487
1785094
1795609
1800583
1805805
1806843
1754390
1792855
1792857
1807785
1807786
1667407
1751085
1794263
1731470
1689500
1787138
1804515
1806996
1808256
1757399
1688150
1806499
1807431
1793490
1790730
1740494
1776152
1727727
1774379
1787014
1724043
1787325
1628194
1693692
1710371
1689173
1703343
1797985
1806595
1807007
1708929
1654753
1385762
789278
1428101
1531457
1622665
1635688
1636297
1651323
1707195
1724948
1806844
1722708
1678991
1708058
1716870
1661889
1615307
1661895
1780288
1430623
1800956
1410100
1792539
1299203
1349620
1787122
